 -- Before GS --
A =
[[ 4. -6.  3.]
 [ 3. -5.  8.]
 [ 5.  4. -7.]]
R =
[[ 0.  0.  0.]
 [ 0.  0.  0.]
 [ 0.  0.  0.]]
b =
[  9.  22.  25.]

 -- After GS --
Q =
[[ 0.56568542 -0.53630585 -0.62639926]
 [ 0.42426407 -0.46208495  0.77876665]
 [ 0.70710678  0.70629565  0.03385942]]
R =
[[  7.07106781  -2.68700577   0.14142136]
 [  0.           8.3534424  -10.24966665]
 [  0.           0.           4.1139195 ]]
QR =
[[ 4. -6.  3.]
 [ 3. -5.  8.]
 [ 5.  4. -7.]]
x =
[ 6.  4.  3.]
A x =
[  9.  22.  25.]
|det(A)| = 243.0
