 -- Before GS --
A =
[[ 4. -6.  3.]
 [ 3. -5.  8.]
 [ 5.  4. -7.]]
R =
[[ 0.  0.  0.]
 [ 0.  0.  0.]
 [ 0.  0.  0.]]
b =
[  9.  22.  25.]

 -- After GS --
Q =
[[ 0.56568542 -0.53630585 -0.62639926]
 [ 0.42426407 -0.46208495  0.77876665]
 [ 0.70710678  0.70629565  0.03385942]]
R =
[[  7.07106781  -2.68700577   0.14142136]
 [  0.           8.3534424  -10.24966665]
 [  0.           0.           4.1139195 ]]
QR =
[[ 4. -6.  3.]
 [ 3. -5.  8.]
 [ 5.  4. -7.]]
x =
[ 6.  4.  3.]
A x =
[  9.  22.  25.]
|det(A)| = 243.0
A^{-1} =
[[-0.01234568  0.12345679  0.13580247]
 [-0.25102881  0.17695473  0.09465021]
 [-0.15226337  0.18930041  0.00823045]]
A A^{-1} =
[[  1.00000000e+00   3.33066907e-16   3.33066907e-16]
 [  0.00000000e+00   1.00000000e+00  -2.77555756e-16]
 [  2.22044605e-16  -4.44089210e-16   1.00000000e+00]]
