 -- Speed test of the Jacobi routines --

Testing on sym. rand. 6 x 6 matrix:
A =
 [[ 8.75299487  5.01028719  3.37538249  9.48666091  6.21444945  3.67890764]
 [ 5.01028719  9.23731265  6.07438951  1.50032238  8.00844381  4.06772692]
 [ 3.37538249  6.07438951  9.49695365  8.16039881  4.54316097  1.44083659]
 [ 9.48666091  1.50032238  8.16039881  0.36173018  3.90438131  8.82638344]
 [ 6.21444945  8.00844381  4.54316097  3.90438131  0.31023602  4.68925827]
 [ 3.67890764  4.06772692  1.44083659  8.82638344  4.68925827  4.13086057]]

 * Cyclic method:
Number of rotations used =  60
Running time: 0.0950 ms

 * Row-by-row method:
Number of rotations used =  212
Running time: 0.2418 ms

 * Greatest-element method:
Number of rotations used =  118
Running time: 0.1335 ms

----------------------------------------


 -- Testing cyclic Jacobi diagonalization -- 
A = 
 [[ -5.   9.  -4.  10.]
 [  9.  -1.   3.   9.]
 [ -4.   3.  -6.   2.]
 [ 10.   9.   2.   3.]]

Number of rotations used =  17
Running time: 0.0194 ms

Eigenvalues of A :
d = 
 [ 18.09377954  -3.158446    -8.14737458 -15.78795896]

Eigenvectors of A:
V = 
 [[-0.4972473  -0.4201111  -0.15412951  0.74330067]
 [-0.55475959  0.22068228 -0.7001518  -0.39157194]
 [-0.04178739  0.87704351  0.04296822  0.47665734]
 [-0.66576327  0.07483762  0.69583424 -0.25879202]]

Orthogonality of eigenvectors:
V_0 * V_0 = 1.0
V_0 * V_1 = 6.93889390391e-18
V_0 * V_2 = 1.11022302463e-16
V_0 * V_3 = 2.77555756156e-17
V_1 * V_0 = 6.93889390391e-18
V_1 * V_1 = 1.0
V_1 * V_2 = 2.77555756156e-17
V_1 * V_3 = 1.28369537222e-16
V_2 * V_0 = 1.11022302463e-16
V_2 * V_1 = 2.77555756156e-17
V_2 * V_2 = 1.0
V_2 * V_3 = -5.55111512313e-17
V_3 * V_0 = 2.77555756156e-17
V_3 * V_1 = 1.28369537222e-16
V_3 * V_2 = -5.55111512313e-17
V_3 * V_3 = 1.0

Check of eigenvalues and -vectors:
A * V_0 =
 [ -8.99708299 -10.03769772  -0.7560918  -12.04617389]
d_0 * V_0=
 [ -8.99708302 -10.03769771  -0.75609175 -12.04617389]
A * V_1 =
 [ 1.32689826 -0.69701305 -2.77009457 -0.23637055]
d_1 * V_1=
 [ 1.32689823 -0.69701308 -2.77009457 -0.23637059]
A * V_2 =
 [ 1.25575086  5.70439897 -0.35007819 -5.66922216]
d_2 * V_2=
 [ 1.25575087  5.70439897 -0.35007818 -5.66922217]
A * V_3 =
 [-11.7352004    6.18212178  -7.5254466    4.0857978 ]
d_3 * V_3=
 [-11.7352004    6.18212176  -7.5254466    4.08579781]

Check of diagonalization:
V^T A V =
[[  1.80937795e+01  -6.01628053e-08  -7.88347165e-12  -1.86517468e-14]
 [ -6.01628053e-08  -3.15844600e+00   8.24340596e-15   1.39471767e-15]
 [ -7.88302756e-12   8.32667268e-15  -8.14737458e+00  -1.91746894e-08]
 [ -1.90958360e-14   1.94289029e-15  -1.91746898e-08  -1.57879590e+01]]


 -- Testing row-by-row Jacobi diagonalization -- 
A = 
 [[ -5.   9.  -4.  10.]
 [  9.  -1.   3.   9.]
 [ -4.   3.  -6.   2.]
 [ 10.   9.   2.   3.]]

Number of rotations used =  32
Running time: 0.0278 ms

Eigenvalues of A :
d = 
 [ 18.09377954  -3.158446    -8.14737458 -15.78795896]

Eigenvectors of A:
V = 
 [[ 0.4972473  -0.4201111   0.15412952  0.74330066]
 [ 0.55475959  0.22068228  0.7001518  -0.39157194]
 [ 0.04178739  0.87704351 -0.04296822  0.47665735]
 [ 0.66576327  0.07483762 -0.69583424 -0.25879202]]

Orthogonality of eigenvectors:
V_0 * V_0 = 1.0
V_0 * V_1 = -6.93889390391e-18
V_0 * V_2 = 5.55111512313e-17
V_0 * V_3 = -2.77555756156e-17
V_1 * V_0 = -6.93889390391e-18
V_1 * V_1 = 1.0
V_1 * V_2 = -9.02056207508e-17
V_1 * V_3 = 1.38777878078e-16
V_2 * V_0 = 5.55111512313e-17
V_2 * V_1 = -9.02056207508e-17
V_2 * V_2 = 1.0
V_2 * V_3 = 2.49800180541e-16
V_3 * V_0 = -2.77555756156e-17
V_3 * V_1 = 1.38777878078e-16
V_3 * V_2 = 2.49800180541e-16
V_3 * V_3 = 1.0

Check of eigenvalues and -vectors:
A * V_0 =
 [  8.99708299  10.03769772   0.75609178  12.04617389]
d_0 * V_0=
 [  8.997083    10.03769771   0.75609182  12.04617389]
A * V_1 =
 [ 1.32689824 -0.69701311 -2.77009455 -0.2363706 ]
d_1 * V_1=
 [ 1.32689824 -0.69701308 -2.77009457 -0.23637058]
A * V_2 =
 [-1.25575089 -5.70439895  0.35007818  5.66922218]
d_2 * V_2=
 [-1.25575089 -5.70439896  0.35007819  5.66922217]
A * V_3 =
 [-11.7352004    6.18212178  -7.52544661   4.08579777]
d_3 * V_3=
 [-11.73520038   6.18212179  -7.52544663   4.08579779]

Check of diagonalization:
V^T A V =
[[  1.80937795e+01  -3.07529696e-08   6.26118002e-09  -3.29824279e-08]
 [ -3.07529701e-08  -3.15844600e+00  -7.74177039e-09   2.50575147e-08]
 [  6.26117780e-09  -7.74177078e-09  -8.14737458e+00  -3.99680289e-15]
 [ -3.29824275e-08   2.50575141e-08  -4.44089210e-15  -1.57879590e+01]]


 -- Testing greatst element Jacobi diagonalization -- 
A = 
 [[ -5.   9.  -4.  10.]
 [  9.  -1.   3.   9.]
 [ -4.   3.  -6.   2.]
 [ 10.   9.   2.   3.]]

Number of rotations used =  41
Running time: 0.0437 ms

Eigenvalues of A :
d = 
 [ 18.09377954  -3.158446    -8.14737458 -15.78795896]

Eigenvectors of A:
V = 
 [[ 0.4972473   0.4201111  -0.15412952  0.74330066]
 [ 0.55475959 -0.22068229 -0.7001518  -0.39157194]
 [ 0.04178739 -0.87704351  0.04296823  0.47665735]
 [ 0.66576327 -0.07483762  0.69583424 -0.25879202]]

Orthogonality of eigenvectors:
V_0 * V_0 = 1.0
V_0 * V_1 = -1.66533453694e-16
V_0 * V_2 = 4.4408920985e-16
V_0 * V_3 = -8.32667268469e-17
V_1 * V_0 = -1.66533453694e-16
V_1 * V_1 = 1.0
V_1 * V_2 = 1.17961196366e-16
V_1 * V_3 = -2.11636264069e-16
V_2 * V_0 = 4.4408920985e-16
V_2 * V_1 = 1.17961196366e-16
V_2 * V_2 = 1.0
V_2 * V_3 = 0.0
V_3 * V_0 = -8.32667268469e-17
V_3 * V_1 = -2.11636264069e-16
V_3 * V_2 = 0.0
V_3 * V_3 = 1.0

Check of eigenvalues and -vectors:
A * V_0 =
 [  8.99708298  10.03769773   0.75609179  12.0461739 ]
d_0 * V_0=
 [  8.99708302  10.03769771   0.75609179  12.04617388]
A * V_1 =
 [-1.32689826  0.69701312  2.77009455  0.23637054]
d_1 * V_1=
 [-1.32689823  0.6970131   2.77009456  0.23637057]
A * V_2 =
 [ 1.2557509   5.70439895 -0.3500782  -5.66922217]
d_2 * V_2=
 [ 1.25575091  5.70439894 -0.35007823 -5.66922218]
A * V_3 =
 [-11.73520041   6.18212178  -7.52544661   4.08579777]
d_3 * V_3=
 [-11.73520037   6.18212179  -7.52544663   4.08579779]

Check of diagonalization:
V^T A V =
[[  1.80937795e+01  -2.19281273e-08   6.79852974e-09  -4.09922838e-08]
 [ -2.19281273e-08  -3.15844600e+00  -3.76133202e-08  -2.98142172e-08]
 [  6.79852752e-09  -3.76133196e-08  -8.14737458e+00   6.66133815e-16]
 [ -4.09922838e-08  -2.98142162e-08   8.88178420e-16  -1.57879590e+01]]
