 -- Testing cyclic Jacobi diagonalization -- 
A = 
 [[ -5.   9.  -4.  10.]
 [  9.  -1.   3.   9.]
 [ -4.   3.  -6.   2.]
 [ 10.   9.   2.   3.]]

Number of rotations used =  20

Eigenvalues of A :
d = 
 [-15.78795896  -8.14737458  -3.158446    18.09377954]

Eigenvectors of A:
V = 
 [[ 0.74330067  0.15412951 -0.4201111   0.4972473 ]
 [-0.39157194  0.7001518   0.22068228  0.55475959]
 [ 0.47665734 -0.04296822  0.87704351  0.04178739]
 [-0.25879202 -0.69583424  0.07483762  0.66576327]]

Orthogonality of eigenvectors:
V_0 * V_0 = 1.0
V_0 * V_1 = 5.55111512313e-17
V_0 * V_2 = 1.00613961607e-16
V_0 * V_3 = -2.77555756156e-17
V_1 * V_0 = 5.55111512313e-17
V_1 * V_1 = 1.0
V_1 * V_2 = -9.02056207508e-17
V_1 * V_3 = -2.22044604925e-16
V_2 * V_0 = 1.00613961607e-16
V_2 * V_1 = -9.02056207508e-17
V_2 * V_2 = 1.0
V_2 * V_3 = -4.85722573274e-17
V_3 * V_0 = -2.77555756156e-17
V_3 * V_1 = -2.22044604925e-16
V_3 * V_2 = -4.85722573274e-17
V_3 * V_3 = 1.0

Check of eigenvalues and -vectors:
A * V_0 =
 [-11.7352004    6.18212179  -7.5254466    4.08579778]
d_0 * V_0=
 [-11.7352004    6.18212179  -7.5254466    4.08579778]
A * V_1 =
 [-1.25575089 -5.70439896  0.35007818  5.66922217]
d_1 * V_1=
 [-1.25575089 -5.70439896  0.35007818  5.66922217]
A * V_2 =
 [ 1.32689823 -0.69701308 -2.77009457 -0.23637058]
d_2 * V_2=
 [ 1.32689823 -0.69701307 -2.77009457 -0.23637059]
A * V_3 =
 [  8.99708299  10.03769772   0.75609179  12.04617389]
d_3 * V_3=
 [  8.99708299  10.03769772   0.75609179  12.04617389]

Check of diagonalization:
V^T A V =
[[ -1.57879590e+01   8.88178420e-16  -1.38777878e-15  -2.29873898e-10]
 [  0.00000000e+00  -8.14737458e+00  -1.58675628e-09   2.08721929e-14]
 [ -1.72084569e-15  -1.58675675e-09  -3.15844600e+00   5.55111512e-17]
 [ -2.29873454e-10   2.13162821e-14   3.33066907e-16   1.80937795e+01]]
 -- Testing cyclic Jacobi diagonalization -- 
A = 
 [[ -5.   9.  -4.  10.]
 [  9.  -1.   3.   9.]
 [ -4.   3.  -6.   2.]
 [ 10.   9.   2.   3.]]

Number of rotations used =  20

Eigenvalues of A :
d = 
 [-15.78795896  -8.14737458  -3.158446    18.09377954]

Eigenvectors of A:
V = 
 [[ 0.74330067  0.15412951 -0.4201111   0.4972473 ]
 [-0.39157194  0.7001518   0.22068228  0.55475959]
 [ 0.47665734 -0.04296822  0.87704351  0.04178739]
 [-0.25879202 -0.69583424  0.07483762  0.66576327]]

Orthogonality of eigenvectors:
V_0 * V_0 = 1.0
V_0 * V_1 = 5.55111512313e-17
V_0 * V_2 = 1.00613961607e-16
V_0 * V_3 = -2.77555756156e-17
V_1 * V_0 = 5.55111512313e-17
V_1 * V_1 = 1.0
V_1 * V_2 = -9.02056207508e-17
V_1 * V_3 = -2.22044604925e-16
V_2 * V_0 = 1.00613961607e-16
V_2 * V_1 = -9.02056207508e-17
V_2 * V_2 = 1.0
V_2 * V_3 = -4.85722573274e-17
V_3 * V_0 = -2.77555756156e-17
V_3 * V_1 = -2.22044604925e-16
V_3 * V_2 = -4.85722573274e-17
V_3 * V_3 = 1.0

Check of eigenvalues and -vectors:
A * V_0 =
 [-11.7352004    6.18212179  -7.5254466    4.08579778]
d_0 * V_0=
 [-11.7352004    6.18212179  -7.5254466    4.08579778]
A * V_1 =
 [-1.25575089 -5.70439896  0.35007818  5.66922217]
d_1 * V_1=
 [-1.25575089 -5.70439896  0.35007818  5.66922217]
A * V_2 =
 [ 1.32689823 -0.69701308 -2.77009457 -0.23637058]
d_2 * V_2=
 [ 1.32689823 -0.69701307 -2.77009457 -0.23637059]
A * V_3 =
 [  8.99708299  10.03769772   0.75609179  12.04617389]
d_3 * V_3=
 [  8.99708299  10.03769772   0.75609179  12.04617389]

Check of diagonalization:
V^T A V =
[[ -1.57879590e+01   8.88178420e-16  -1.38777878e-15  -2.29873898e-10]
 [  0.00000000e+00  -8.14737458e+00  -1.58675628e-09   2.08721929e-14]
 [ -1.72084569e-15  -1.58675675e-09  -3.15844600e+00   5.55111512e-17]
 [ -2.29873454e-10   2.13162821e-14   3.33066907e-16   1.80937795e+01]]
 -- Testing cyclic Jacobi diagonalization -- 
A = 
 [[ -5.   9.  -4.  10.]
 [  9.  -1.   3.   9.]
 [ -4.   3.  -6.   2.]
 [ 10.   9.   2.   3.]]

Number of rotations used =  20

Eigenvalues of A :
d = 
 [-15.78795896  -8.14737458  -3.158446    18.09377954]

Eigenvectors of A:
V = 
 [[ 0.74330067  0.15412951 -0.4201111   0.4972473 ]
 [-0.39157194  0.7001518   0.22068228  0.55475959]
 [ 0.47665734 -0.04296822  0.87704351  0.04178739]
 [-0.25879202 -0.69583424  0.07483762  0.66576327]]

Orthogonality of eigenvectors:
V_0 * V_0 = 1.0
V_0 * V_1 = 5.55111512313e-17
V_0 * V_2 = 1.00613961607e-16
V_0 * V_3 = -2.77555756156e-17
V_1 * V_0 = 5.55111512313e-17
V_1 * V_1 = 1.0
V_1 * V_2 = -9.02056207508e-17
V_1 * V_3 = -2.22044604925e-16
V_2 * V_0 = 1.00613961607e-16
V_2 * V_1 = -9.02056207508e-17
V_2 * V_2 = 1.0
V_2 * V_3 = -4.85722573274e-17
V_3 * V_0 = -2.77555756156e-17
V_3 * V_1 = -2.22044604925e-16
V_3 * V_2 = -4.85722573274e-17
V_3 * V_3 = 1.0

Check of eigenvalues and -vectors:
A * V_0 =
 [-11.7352004    6.18212179  -7.5254466    4.08579778]
d_0 * V_0=
 [-11.7352004    6.18212179  -7.5254466    4.08579778]
A * V_1 =
 [-1.25575089 -5.70439896  0.35007818  5.66922217]
d_1 * V_1=
 [-1.25575089 -5.70439896  0.35007818  5.66922217]
A * V_2 =
 [ 1.32689823 -0.69701308 -2.77009457 -0.23637058]
d_2 * V_2=
 [ 1.32689823 -0.69701307 -2.77009457 -0.23637059]
A * V_3 =
 [  8.99708299  10.03769772   0.75609179  12.04617389]
d_3 * V_3=
 [  8.99708299  10.03769772   0.75609179  12.04617389]

Check of diagonalization:
V^T A V =
[[ -1.57879590e+01   8.88178420e-16  -1.38777878e-15  -2.29873898e-10]
 [  0.00000000e+00  -8.14737458e+00  -1.58675628e-09   2.08721929e-14]
 [ -1.72084569e-15  -1.58675675e-09  -3.15844600e+00   5.55111512e-17]
 [ -2.29873454e-10   2.13162821e-14   3.33066907e-16   1.80937795e+01]]
