 -- Speed test of the Jacobi routines --

Testing on sym. rand. 6 x 6 matrix:
A =
 [[ 4.21661367  3.31892109  3.88118324  1.78651721  7.54714786  7.90093062]
 [ 3.31892109  9.19824135  2.20205751  1.73398538  5.48931575  8.99089179]
 [ 3.88118324  2.20205751  8.87544326  3.63802696  4.35308883  2.74802712]
 [ 1.78651721  1.73398538  3.63802696  2.10130592  5.09885836  3.58010227]
 [ 7.54714786  5.48931575  4.35308883  5.09885836  1.90508485  3.24029624]
 [ 7.90093062  8.99089179  2.74802712  3.58010227  3.24029624  6.48928714]]

 * Cyclic method:
Number of rotations used =  78
Running time: 0.0975 ms

 * Row-by-row method:
Number of rotations used =  458
Running time: 0.4488 ms

 * Greatest-element method:
Number of rotations used =  220
Running time: 0.2386 ms

----------------------------------------


 -- Testing cyclic Jacobi diagonalization -- 
A = 
 [[ -5.   9.  -4.  10.]
 [  9.  -1.   3.   9.]
 [ -4.   3.  -6.   2.]
 [ 10.   9.   2.   3.]]

Number of rotations used =  20
Running time: 0.0231 ms

Eigenvalues of A :
d = 
 [-15.78795896  -8.14737458  -3.158446    18.09377954]

Eigenvectors of A:
V = 
 [[ 0.74330067  0.15412951 -0.4201111   0.4972473 ]
 [-0.39157194  0.7001518   0.22068228  0.55475959]
 [ 0.47665734 -0.04296822  0.87704351  0.04178739]
 [-0.25879202 -0.69583424  0.07483762  0.66576327]]

Orthogonality of eigenvectors:
V_0 * V_0 = 1.0
V_0 * V_1 = 5.55111512313e-17
V_0 * V_2 = 1.00613961607e-16
V_0 * V_3 = -2.77555756156e-17
V_1 * V_0 = 5.55111512313e-17
V_1 * V_1 = 1.0
V_1 * V_2 = -9.02056207508e-17
V_1 * V_3 = -2.22044604925e-16
V_2 * V_0 = 1.00613961607e-16
V_2 * V_1 = -9.02056207508e-17
V_2 * V_2 = 1.0
V_2 * V_3 = -4.85722573274e-17
V_3 * V_0 = -2.77555756156e-17
V_3 * V_1 = -2.22044604925e-16
V_3 * V_2 = -4.85722573274e-17
V_3 * V_3 = 1.0

Check of eigenvalues and -vectors:
A * V_0 =
 [-11.7352004    6.18212179  -7.5254466    4.08579778]
d_0 * V_0=
 [-11.7352004    6.18212179  -7.5254466    4.08579778]
A * V_1 =
 [-1.25575089 -5.70439896  0.35007818  5.66922217]
d_1 * V_1=
 [-1.25575089 -5.70439896  0.35007818  5.66922217]
A * V_2 =
 [ 1.32689823 -0.69701308 -2.77009457 -0.23637058]
d_2 * V_2=
 [ 1.32689823 -0.69701307 -2.77009457 -0.23637059]
A * V_3 =
 [  8.99708299  10.03769772   0.75609179  12.04617389]
d_3 * V_3=
 [  8.99708299  10.03769772   0.75609179  12.04617389]

Check of diagonalization:
V^T A V =
[[ -1.57879590e+01   8.88178420e-16  -1.38777878e-15  -2.29873898e-10]
 [  0.00000000e+00  -8.14737458e+00  -1.58675628e-09   2.08721929e-14]
 [ -1.72084569e-15  -1.58675675e-09  -3.15844600e+00   5.55111512e-17]
 [ -2.29873454e-10   2.13162821e-14   3.33066907e-16   1.80937795e+01]]


 -- Testing row-by-row Jacobi diagonalization -- 
A = 
 [[ -5.   9.  -4.  10.]
 [  9.  -1.   3.   9.]
 [ -4.   3.  -6.   2.]
 [ 10.   9.   2.   3.]]

Number of rotations used =  112
Running time: 0.1399 ms

Eigenvalues of A :
d = 
 [-15.78795896  -8.14737458  -3.158446    18.09377954]

Eigenvectors of A:
V = 
 [[ 0.74330066  0.15412951 -0.4201111   0.4972473 ]
 [-0.39157195  0.7001518   0.22068228  0.55475959]
 [ 0.47665734 -0.04296821  0.87704351  0.04178739]
 [-0.25879202 -0.69583424  0.07483763  0.66576327]]

Orthogonality of eigenvectors:
V_0 * V_0 = 1.0
V_0 * V_1 = -3.60822483003e-16
V_0 * V_2 = -4.30211422042e-16
V_0 * V_3 = -3.33066907388e-16
V_1 * V_0 = -3.60822483003e-16
V_1 * V_1 = 1.0
V_1 * V_2 = 1.38777878078e-16
V_1 * V_3 = -2.77555756156e-16
V_2 * V_0 = -4.30211422042e-16
V_2 * V_1 = 1.38777878078e-16
V_2 * V_2 = 1.0
V_2 * V_3 = 5.27355936697e-16
V_3 * V_0 = -3.33066907388e-16
V_3 * V_1 = -2.77555756156e-16
V_3 * V_2 = 5.27355936697e-16
V_3 * V_3 = 1.0

Check of eigenvalues and -vectors:
A * V_0 =
 [-11.7352004    6.1821218   -7.5254466    4.08579774]
d_0 * V_0=
 [-11.73520038   6.18212185  -7.5254466    4.08579775]
A * V_1 =
 [-1.25575092 -5.70439892  0.35007812  5.66922221]
d_1 * V_1=
 [-1.25575089 -5.70439896  0.3500781   5.66922217]
A * V_2 =
 [ 1.32689824 -0.69701302 -2.77009458 -0.23637063]
d_2 * V_2=
 [ 1.32689823 -0.69701305 -2.77009457 -0.2363706 ]
A * V_3 =
 [  8.99708298  10.03769773   0.75609178  12.04617389]
d_3 * V_3=
 [  8.99708301  10.03769769   0.7560918   12.0461739 ]

Check of diagonalization:
V^T A V =
[[ -1.57879590e+01  -3.34646599e-08  -5.11208220e-09  -3.66188724e-08]
 [ -3.34646606e-08  -8.14737458e+00   4.23927651e-08   3.69358304e-08]
 [ -5.11208094e-09   4.23927650e-08  -3.15844600e+00  -4.16333634e-16]
 [ -3.66188706e-08   3.69358304e-08  -2.22044605e-16   1.80937795e+01]]


 -- Testing greatst element Jacobi diagonalization -- 
A = 
 [[ -5.   9.  -4.  10.]
 [  9.  -1.   3.   9.]
 [ -4.   3.  -6.   2.]
 [ 10.   9.   2.   3.]]

Number of rotations used =  56
Running time: 0.0501 ms

Eigenvalues of A :
d = 
 [-15.78795896  -8.14737458  -3.158446    18.09377954]

Eigenvectors of A:
V = 
 [[ 0.74330066  0.15412951 -0.4201111   0.4972473 ]
 [-0.39157194  0.7001518   0.22068228  0.55475959]
 [ 0.47665734 -0.04296822  0.87704351  0.04178739]
 [-0.25879202 -0.69583424  0.07483762  0.66576327]]

Orthogonality of eigenvectors:
V_0 * V_0 = 1.0
V_0 * V_1 = 8.32667268469e-17
V_0 * V_2 = 1.04083408559e-16
V_0 * V_3 = 4.16333634234e-16
V_1 * V_0 = 8.32667268469e-17
V_1 * V_1 = 1.0
V_1 * V_2 = 3.46944695195e-17
V_1 * V_3 = -1.66533453694e-16
V_2 * V_0 = 1.04083408559e-16
V_2 * V_1 = 3.46944695195e-17
V_2 * V_2 = 1.0
V_2 * V_3 = -2.15105711021e-16
V_3 * V_0 = 4.16333634234e-16
V_3 * V_1 = -1.66533453694e-16
V_3 * V_2 = -2.15105711021e-16
V_3 * V_3 = 1.0

Check of eigenvalues and -vectors:
A * V_0 =
 [-11.73520042   6.18212175  -7.5254466    4.08579779]
d_0 * V_0=
 [-11.7352004    6.18212176  -7.5254466    4.08579784]
A * V_1 =
 [-1.25575084 -5.70439898  0.35007821  5.66922216]
d_1 * V_1=
 [-1.25575086 -5.70439897  0.35007819  5.66922216]
A * V_2 =
 [ 1.32689823 -0.69701307 -2.77009457 -0.23637059]
d_2 * V_2=
 [ 1.32689823 -0.69701307 -2.77009457 -0.23637059]
A * V_3 =
 [  8.99708298  10.03769773   0.75609178  12.0461739 ]
d_3 * V_3=
 [  8.99708301  10.03769771   0.7560918   12.04617388]

Check of diagonalization:
V^T A V =
[[ -1.57879590e+01   3.16394044e-08   3.87968024e-09  -4.76964570e-08]
 [  3.16394044e-08  -8.14737458e+00   1.72814912e-09   3.01438874e-11]
 [  3.87968108e-09   1.72814929e-09  -3.15844600e+00  -1.27675648e-15]
 [ -4.76964561e-08   3.01429992e-11  -1.55431223e-15   1.80937795e+01]]
