 -- Testing on --
A =
[[-4. -4.  2.]
 [ 0.  2.  4.]
 [-3. -2.  3.]]
b =
[  9.  22.  25.]

 -- After Gram-Schmidt --
Q =
[[-0.8        -0.22283441  0.55708601]
 [ 0.          0.92847669  0.37139068]
 [-0.6         0.29711254 -0.74278135]]
R =
[[ 5.          4.4        -3.4       ]
 [ 0.          2.15406592  4.15957558]
 [ 0.          0.          0.37139068]]
QR =
[[-4. -4.  2.]
 [ 0.  2.  4.]
 [-3. -2.  3.]]

 -- After back-substitution --
x =
[-49.5  40.  -14.5]
A x =
[  9.  22.  25.]

 -- Determinant and inverse --
|det(A)| = 4.0 

A^{-1} =
[[ 3.5  2.  -5. ]
 [-3.  -1.5  4. ]
 [ 1.5  1.  -2. ]]
A A^{-1} =
[[  1.00000000e+00  -1.77635684e-15  -3.55271368e-15]
 [ -8.88178420e-16   1.00000000e+00   0.00000000e+00]
 [  1.77635684e-15   4.44089210e-16   1.00000000e+00]]

------------

 -- Testing on --
A =
[[  3.   4.   5.]
 [ -8.  10.   7.]
 [ -5.  -6.   0.]
 [ -4.   0.   4.]]

 -- After Gram-Schmidt --
Q =
[[ 0.28097574  0.42358687  0.78541101]
 [-0.74926865  0.62126074 -0.14643256]
 [-0.46829291 -0.64949987  0.27955307]
 [-0.37463432 -0.1129565   0.53248204]]
R =
[[ 10.67707825  -3.55902608  -5.33853913]
 [  0.          11.80395414   6.01493357]
 [  0.           0.           5.0319553 ]]
QR =
[[  3.   4.   5.]
 [ -8.  10.   7.]
 [ -5.  -6.   0.]
 [ -4.   0.   4.]]
